pp3: 0 0 0 0 0 0 0 0 0 0 
pp3: 0 0 0 0 0 0 35 39 37 36 
pp3: 36 36 36 36 36 36 36 36 36 35 
pp3: 35 35 34 33 33 33 32 32 32 32 
pp3: 32 37 38 38 39 37 38 0 0 0 
pp3: 0 34 36 35 35 36 38 40 0 0 
pp3: 0 0 0 0 0 0 0 0 0 0 
pp3: 0 0 0 31 32 32 33 32 32 32 
pp3: 32 31 31 31 31 30 30 30 30 29 
pp3: 29 29 28 28 28 28 29 30 30 30 
pp3: 0 0 0 0 0 0 0 0 0 0 
pp3: 30 29 32 34 35 37 37 37 36 36 
pp3: 35 35 0 0 0 0 0 0 0 0 
pp3: 0 0 0 34 39 33 32 33 33 34 
pp3: 35 35 35 36 36 36 36 36 36 36 
pp3: 36 36 35 36 36 39 38 36 34 35 
pp3: 34 34 34 33 32 33 34 0 0 0 
pp3: 0 0 0 0 0 0 0 0 0 0 
pp3: 0 0 0 0 0 0 0 0 0 0 
pp3: 0 0 0 38 38 38 38 38 38 40 
pp3: 41 43 42 42 40 39 39 39 39 38 
pp3: 37 37 36 36 36 36 36 35 35 35 
pp3: 35 35 35 34 34 34 35 35 35 0 
pp3: 0 0 0 0 0 0 0 0 0 0 
pp3: 0 0 0 0 0 0 0 38 33 36 
pp3: 37 37 37 37 37 37 37 36 37 38 
pp3: 38 41 39 41 41 43 41 44 44 44 
pp3: 44 45 44 45 42 42 41 0 0 0 
pp3: 0 0 0 0 0 0 0 0 0 0 
pp3: 0 0 0 0 0 0 0 0 0 0 
pp3: 0 0 0 0 0 0 0